10.80589
10.77577
10.71743
10.67767
10.63777
10.68890
10.61571
10.62900
10.56434
10.46646
10.47788
10.52965
10.47980
10.46643
10.44569
10.40263
10.36560
10.36589
10.33666
10.31846
10.28293
10.26522
10.23619
10.20940
10.17967
10.17093
10.13274
10.13130
10.10446
10.08908
10.03727
10.01195
9.98281
9.95212
9.95254
10.00938
9.89602
9.89990
9.95268
9.85709
9.78354
9.77876
9.75340
9.87852
9.68919
9.77428
9.62235
9.71155
9.75380
9.59492
9.53315
9.51933
9.51038
9.46828
9.49621
9.40732
9.48939
9.35001
9.34933
9.28743
9.26624
9.23189
9.45233
9.20529
9.21315
9.10990
9.16887
9.06277
9.14936
9.05476
9.16891
8.94590
9.11311
8.89230
9.05573
8.88114
9.04499
8.90452
8.96357
8.95173
8.96011
8.68469
8.69030
8.90944
8.88077
8.70746
8.69292
8.72929
9.08259
8.61046
8.81115
8.47111
8.44563
8.53718
8.40493
8.31757
8.67407
8.34020
8.73946
8.34008
8.36108
8.28837
8.45788
8.12520
8.26603
8.51932
8.11444
8.10555
8.56320
8.49109
8.10639
8.12059
8.30347
8.25869
8.22678
7.88755
7.86875
7.80704
8.18335
8.25605
8.57816
7.75465
7.62785
7.73891
7.65077
7.62445
7.79819
7.80866
8.53250
7.83296
7.46127
7.54744
7.91794
8.10423
7.38533
7.28939
7.55352
7.60222
7.20768
7.17899
7.71257
7.32688
7.55245
7.46897
7.24299
7.73445
7.52289
7.27561
7.37991
7.04970
6.91781
7.25323
7.17200
6.86453
6.78394
7.69065
6.96332
6.99404
7.07130
7.09275
6.65573
7.55750
7.14078
6.87300
6.75662
6.79796
7.03336
6.79755
6.67180
6.45227
6.67937
6.86704
6.37194
6.37366
6.36850
6.43984
6.55632
6.61509
6.97482
6.35965
6.31906
6.44779
7.77470
6.69645
6.06703
6.20661
6.42109
6.28902
6.33535
6.58225
6.29870
5.81796
5.92654
6.05112
6.01798
6.38229
7.07231
6.29914
5.99940
5.78809
5.83567
5.63117
5.70767
5.64554
6.61261
6.27284
6.13493
5.62595
5.40948
5.60645
5.50617
5.94624
6.16483
5.31676
5.21375
5.30204
5.24989
5.99185
6.57019
6.03902
5.33826
5.93546
5.65037
5.02268
5.99715
5.30903
4.98399
5.10364
5.22291
5.44646
4.79686
4.89531
4.91228
5.34493
4.89992
4.65898
5.90159
4.86829
4.77530
5.08345
5.23460
4.50306
4.70297
5.17052
5.12802
5.50535
4.37395
4.65979
4.97590
4.38408
4.93659
4.46513
5.41569
4.90108
6.17144
4.44019
4.26480
4.18650
4.86017
4.80553
4.01618
4.08792
4.00807
4.08088
4.54842
4.41658
4.14387
4.44050
4.75589
3.82796
5.33055
4.23563
4.10132
4.70090
4.07244
5.13516
4.12650
4.87712
3.71920
3.93082
3.98043
3.66604
4.96176
3.43707
3.51991
3.97242
3.46429
4.91467
3.31221
3.97764
3.52346
3.40161
3.20916
4.28705
3.64596
3.91053
3.31175
4.91199
3.12306
5.17285
3.35066
3.10781
3.63706
3.28836
3.35037
4.23728
2.88069
3.13460
4.73783
3.30607
4.55608
3.08117
3.44075
4.54665
3.11196
4.30402
3.18776
4.67093
4.28770
3.76721
2.96937
3.36756
3.15300
3.06310
3.09592
2.65413
3.33137
4.01124
2.93090
3.55419
2.49378
3.58684
4.55246
2.55644
2.58963
2.73041
2.49282
2.22030
2.39026
5.12908
2.95147
2.63861
2.43569
2.92480
3.27365
2.26135
2.04520
3.51789
2.39519
4.16632
2.52842
3.46917
5.39708
2.99240
2.04520
2.68078
2.86687
2.75503
2.03815
2.90232
2.00446
1.78338
3.08131
1.81479
4.20704
1.71800
2.17543
2.22786
1.79922
1.94816
2.13800
1.88828
2.25215
1.72446
2.45289
1.55047
2.02953
3.29622
1.84563
1.69526
2.25904
2.18616
2.75064
1.43481
1.90700
3.30621
1.59963
2.97635
2.77347
1.35653
2.27359
3.59311
2.40863
3.50863
1.75981
1.85557
3.61659
2.83833
2.24610
1.95397
4.04971
2.02818
3.42660
1.50540
2.61085
3.50639
3.31648
1.31243
1.29980
2.24909
3.46510
1.42420
3.50644
1.26458
1.32501
1.83745
3.70921
1.30066
1.84757
1.56967
3.09995
1.26606
1.92578
1.32961
1.96468
1.00184
1.68768
3.55909
1.98374
2.00868
3.03925
2.05679
1.09737
1.81535
1.48129
2.62025
1.22592
2.22323
1.06327
2.45332
1.43436
1.19063
0.95229
1.98324
1.48319
1.23858
0.84825
1.92626
1.13820
3.51036
3.31901
2.09411
2.16169
2.46448
2.75594
0.95534
0.95755
3.01361
2.40066
0.85822
0.85155
1.54422
4.78372
0.76219
1.07173
1.14337
0.90836
1.05511
1.65690
1.51100
2.93190
1.03429
2.70543
1.03186
1.17535
1.02277
1.09450
1.36700
0.84425
1.01508
1.01083
1.56075
2.90404
3.16075
1.06684
0.74027
3.23377
2.83277
2.91804
1.28690
0.89302
1.94574
0.64024
1.08277
1.43912
2.34649
2.69207
0.79189
1.27177
1.12617
1.71570
1.30600
1.91307
1.10031
2.17365
2.89552
3.03193
2.79342
1.39657
2.51962
1.69708
1.02765
1.16120
1.81890
3.37496
1.34282
3.07947
1.60287
2.62733
0.78386
2.63469
0.97611
2.58318
0.64010
0.80635
2.40718
3.29816
3.23666
2.08143
1.32380
0.88953
2.57541
1.64331
1.37644
1.81191
0.98719
2.48860
3.66691
0.87473
1.23517
7.54795
1.20606
2.27519
1.18487
2.28347
1.65474
2.31785
2.40094
0.51700
3.41560
2.37592
0.59405
0.76520
0.92356
0.76041
0.67619
4.59392
0.91011
0.58208
3.78383
0.75180
0.66808
2.04010
2.32956
0.91001
0.74353
0.69645
0.73970
3.89761
3.46565
0.81976
0.56128
0.64114
0.97919
0.47296
2.89215
0.64567
0.64313
3.35163
0.63118
1.14581
0.63713
0.71801
1.26157
0.63523
2.04087
1.67221
0.83165
0.87636
0.53358
0.69674
0.70565
1.21142
1.04346
3.21761
0.96089
0.78269
1.90298
2.62605
1.21110
0.61262
0.69428
3.35568
3.69572
0.72871
2.27342
1.76103
1.23980
2.34415
0.51287
3.57336
0.85332
3.05709
1.86545
4.18630
0.59410
0.42441
0.50756
2.72960
2.13993
0.42112
0.59687
1.10845
1.65510
1.61111
0.84511
1.09587
0.59109
1.77362
0.49388
0.74445
0.45428
0.40688
0.57271
1.09537
1.58565
2.09290
2.36338
0.66383
1.19007
1.25637
2.47326
1.34506
1.35586
3.71141
3.80333
2.34767
2.06743
1.21286
1.95436
2.72824
1.44122
0.78922
1.71420
3.37558
0.90800
0.39212
0.99413
0.38936
0.94234
0.38848
0.56659
1.60934
0.99814
1.07324
4.05406
4.40735
0.99800
1.79211
2.60488
0.46906
0.56231
0.77719
3.43989
1.92161
0.69359
0.77587
3.13066
1.62831
1.07773
0.55834
2.68929
3.63068
2.32311
2.20335
1.87502
0.97319
0.54629
1.44929
0.37199
2.72154
1.72663
1.45061
0.37045
0.45299
0.96429
3.51832
1.89582
1.15435
1.02156
4.14610
0.88954
1.42675
2.17123
1.53354
0.36475
3.12169
3.25119
0.80307
2.39721
2.94398
1.52614
1.85340
1.88088
0.70489
0.62853
2.08657
0.89450
0.36026
3.43218
0.44551
1.01506
0.53901
3.07920
2.67660
0.35691
0.73657
0.79302
0.62283
1.15949
0.53542
0.53419
0.96216
1.58589
1.21773
0.61729
2.16763
0.52070
1.14130
0.34733
0.61364
1.48215
2.51196
0.61036
0.86981
2.97980
1.30559
0.60697
0.67903
0.68289
2.68222
0.32003
0.93284
2.75739
0.31386
0.66758
1.33284
1.44995
0.76366
2.77675
0.43533
0.30815
1.28008
0.92279
1.02429
0.39374
0.57521
1.20395
2.23001
1.29074
0.99719
0.74700
0.92078
1.64833
1.01839
0.79330
1.20557
1.69936
0.30207
3.66809
1.60374
0.30147
0.48468
0.47555
1.47179
0.29861
0.29899
1.14256
0.38486
1.01097
1.91000
1.44039
1.71937
0.82949
0.29576
3.13601
1.00440
2.39497
0.75276
0.83128
0.29472
0.38335
2.18671
1.96756
0.29376
2.78037
2.21120
0.65382
2.70240
1.98243
2.79894
0.95916
1.86206
1.01437
1.35036
0.73970
0.65496
2.96818
3.63257
2.47961
3.88379
0.38228
1.91146
1.54793
2.09137
0.38313
0.56517
1.40883
1.46674
3.13256
2.31584
0.38104
2.12821
0.38103
1.01359
0.29280
0.73973
4.62852
1.71848
1.01090
2.65151
2.20678
1.12319
0.38005
2.12568
3.58889
1.49872
0.82745
1.80670
2.96281
0.47839
1.59219
1.09555
0.37935
3.95994
1.26797
1.43780
0.96157
0.29252
0.74595
0.47737
0.51247
0.90986
0.56234
1.05633
1.44317
2.18467
2.25162
0.55194
1.63249
0.74395
0.89878
0.37589
0.28845
0.64720
2.02288
1.63743
0.37300
0.37516
1.59121
0.47124
2.08975
0.77134
2.85223
0.28581
1.04550
0.69455
0.55768
1.46292
2.13272
0.45943
1.64005
0.28369
1.26852
1.38910
0.55505
0.71868
0.46887
2.19158
2.52556
1.31170
2.22155
1.72233
1.10288
2.74482
0.55621
1.55175
0.81721
2.83397
0.64320
1.71175
0.77608
1.44233
2.35167
0.64005
0.72809
2.16073
0.86443
0.28198
0.82463
0.27978
1.79683
1.36337
0.81536
1.08659
0.90450
1.17522
0.72936
0.36788
1.80511
0.60032
0.46417
0.62994
1.58300
1.22488
0.53665
2.56513
2.71982
3.10967
1.71989
1.50174
0.76479
0.55177
5.75910
3.20202
2.53410
0.45385
1.63360
2.36526
2.34963
1.53637
3.32858
1.99929
0.81529
0.55298
0.66619
2.60486
2.24093
0.45675
0.63767
0.97900
2.40050
1.52292
0.36714
2.87833
0.72721
1.27318
3.29847
3.05970
2.30682
1.08287
0.76600
0.72691
0.55292
0.72433
0.27899
0.77300
1.12368
0.54911
0.81118
0.54966
0.27723
2.13967
1.17268
0.90764
0.54283
1.41747
0.94484
1.21078
0.46207
1.65834
3.18355
1.54016
1.45541
3.06378
1.35421
1.76609
0.27597
0.72239
0.80899
