[tensor([  0,   2,   4,  15,   9,  10, 931,   9,  10, 932,  18,   6,   9,  10,
        933,  18,   9,  10, 934,   9,  10, 935,   9,  10, 936,   9,  10, 937,
         15,   9,  10, 938,   9,  10, 939,  54,   2,   4,  15,   9,  10, 931,
          9,  10, 940,  18,   9,  10, 941,   4,  15,   9,  10, 931,   9,  10,
        942,  18,   9,  10, 941,  61,  70, 125,  92,  94,   9,  10, 941,   4,
         15,   9,  10, 931,   9,  10, 943,  18,   9,  10,   9,   4,  15,   9,
         10, 931,   9,  10, 944,  18,  15,   9,  10, 938,   9,  10, 945,   4,
         15,   9,  10, 931,   9,  10, 946,   4,  15,   9,  10, 931,   9,  10,
        947,  18,   6,   9,  10, 948,  18,  68, 350,  15,   9,  10, 948,   9,
         10, 949,   1]),
 tensor([    0,     2,     4,     9,    10, 11943,    18,     9,    10,  9059,
            4,     5,     6,     6,   310,     9,    10, 11944,    32,     2,
            4,    70,    78,    79,     9,    10, 11944,    68,    68,    43,
           32,     2,     4,     5,     6,     9,    10,  9060,     9,    10,
         9061,    14,     6,     9,    10,  9060,     4,    15,     9,    10,
           87,     9,    10,  1319,    54,    61,    15,     9,    10,  9061,
            9,    10, 10396,     4,    15,     9,    10,  9061,     9,    10,
        11945,    54,     2,     4,    70,    78,    79,     9,    10, 11944,
           68,    68,   121,    61,    70,   194,     4,    15,     9,    10,
         9061,     9,    10, 10396,    90,    15,     9,    10,    87,     9,
           10,  1322,    95,     5,     6,     9,    10,  1323,     9,    10,
           87,    14,    15,     9,    10,  9059,     9,    10,  1325,    61,
            9,    10, 11944,     1]),
 tensor([   0,    2,   54,    4,   70,   71,    4,   68,   72,   58,   54,    4,
          68,   72,   58,    4,   68,   69,   61,   70,  619,   92,   15,    9,
          10, 2418,    9,   10,  493,   94,    9,   10,  493,   61,   70,  179,
          92,   15,    9,   10, 2418,    9,   10,  493,   94,    9,   10,  493,
           1]),
 tensor([    0,     2,     4,     5,     6,     9,    10, 12761,     9,    10,
         1319,    14,     6,     9,    10, 12761,    18,     9,    10, 12762,
            9,    10,  3620,     9,    10, 12763,     4,     5,     6,     6,
           96,     9,    10,  1202,    14,    15,     9,    10,   146,     9,
           10,   844,    18,     9,    10,   102,     9,    10,  3620,     4,
           15,     9,    10, 12764,     9,    10,  3202,    18,     9,    10,
         1544,    68,    69,     9,    10,  1319,    68,    69,     9,    10,
         1202,    15,     9,    10, 12764,     9,    10, 12765,     4,     9,
           10,  1319,     1]),
 tensor([    0,     2,     4,     5,     6,     7,   103,   104,   105,     9,
           10,   525,     9,    10, 16619,     9,    10,   382,    14,    15,
            9,    10, 17952,     9,    10,    17,    18,     9,    10,    22,
            4,    70,   122,    92,    15,     9,    10,   382,     9,    10,
         9444,    18,     9,    10,    48,    94,    70,   125,    92,    94,
            9,    10,   382,     1])]
